
Size		Basic		With Punct	CN Split	CN Only		EN Only		File
----------------------------------------------------------------------------------------------------
24.84 KB  	5772      	5785      	5375      	4931      	732       《成年人阻塞性睡眠呼吸暂停低通气综合征筛查：美国预防临床服务指南工作组推荐声明》解读.md	
97.97 KB  	21313     	21389     	23118     	15090     	5385      女性阻塞性睡眠呼吸暂停诊治专家共识.md                    	
38.90 KB  	9149      	9169      	8468      	7952      	970       绝经相关失眠临床管理中国专家共识.md                     	
58.65 KB  	12802     	12846     	13834     	8981      	3213      中国帕金森病睡眠障碍管理专家共识.md                     	
16.84 KB  	4289      	4302      	3932      	3468      	655       多发性硬化合并睡眠障碍研究进展.md                      	
18.45 KB  	4579      	4600      	4304      	3745      	688       睡眠相关的节律性运动障碍的临床特点.md                    	
41.83 KB  	10584     	10615     	9606      	9090      	1235      成人阻塞性睡眠呼吸暂停高危人群筛查与管理专家共识.md             	
29.95 KB  	7014      	7022      	6315      	5847      	1068      孤独症谱系障碍儿童睡眠障碍临床实践相关指南解读.md              	
1.38 MB   	410043    	411245    	306175    	393135    	10102     睡眠医学_14370617.md                        	
42.41 KB  	4613      	4629      	12663     	4264      	80        儿童中枢性睡眠呼吸暂停56例临床分析.md                   	
67.48 KB  	16219     	16272     	15956     	13242     	2367      中国发作性睡病诊断与治疗指南（2022版）.md                	
73.90 KB  	16158     	16247     	18057     	11771     	3663      中国不宁腿综合征的诊断与治疗指南（2021版）.md              	
52.36 KB  	12939     	13016     	12721     	10963     	1538      卒中相关睡眠障碍评估与管理中国专家共识.md                  	
83.44 KB  	20503     	20613     	20715     	17620     	2351      中国儿童阻塞性睡眠呼吸暂停诊断与治疗指南（2020）.md           	
16.93 KB  	4355      	4384      	3982      	3713      	515       睡眠相关的节律性运动障碍.md                         	
46.81 KB  	11582     	11637     	11119     	9641      	1503      认知功能损害患者睡眠障碍评估和管理的专家共识.md               	
59.06 KB  	13920     	14036     	13629     	10977     	2363      基层医疗机构失眠症诊断和治疗中国专家共识.md                 	
28.68 KB  	6539      	6559      	6940      	5023      	1294      特发性过度睡眠：一类不容忽视的睡眠障碍.md                  	
50.08 KB  	11165     	11202     	12933     	8089      	2548      中国6岁以下儿童就寝问题和夜醒治疗指南（2023）.md            	
25.40 KB  	5544      	5558      	5564      	4165      	1228      脑卒中伴睡眠期周期性肢体运动患者的睡眠结构研究.md              	
121.16 KB 	25775     	25859     	28817     	17371     	7122      中国成人失眠诊断与治疗指南（2023版） (2).md             	
25.39 KB  	5899      	5975      	6090      	4281      	1286      中国快速眼球运动睡眠期行为障碍诊断与治疗专家共识.md             	
21.97 KB  	5469      	5490      	4680      	4587      	670       慢性偏头痛住院患者医疗质量评价与改进专家共识.md               	
76.61 KB  	17613     	17654     	18153     	13557     	3406      日间过度思睡临床诊断和治疗专家共识.md                    	
----------------------------------------------------------------------------------------------------
Total				2.47 MB   	663838    	666104    	573146    	591503    	55982     
